100.00 100.00 100.00 100.00 100.00 100.00 100.00 100.00 117.16 176.39 150.00 126.39 67.16 50.00 50.00 50.00 50.00 50.00 50.00 50.00
100.00 102.57 103.38 103.76 104.23 104.87 107.12 118.13 161.60 211.65 217.98 179.80 117.20 69.55 57.41 54.92 54.20 53.58 52.64 50.00
100.00 103.37 104.71 105.93 107.90 109.19 109.94 119.52 166.76 217.79 239.63 190.41 124.44 71.57 60.38 59.26 57.86 55.67 53.67 50.00
100.00 103.75 105.92 109.81 118.00 121.59 112.19 98.92 107.21 126.50 129.03 100.09 65.46 51.15 62.68 71.67 67.96 59.52 54.76 50.00
100.00 104.14 107.86 118.19 149.20 164.34 124.32 48.96 4.83 -12.44 -26.88 -38.66 -36.80 1.24 74.82 114.43 99.16 67.90 56.63 50.00
100.00 104.28 108.85 122.95 168.19 190.83 110.64 -5.54 -86.88 -144.56 -177.11 -170.73 -128.46 -53.22 61.18 140.95 118.18 72.68 57.64 50.00
100.00 103.76 107.20 116.85 144.72 146.92 62.39 -53.23 -149.08 -227.89 -273.03 -253.96 -190.52 -100.75 13.09 97.21 94.89 66.79 56.27 50.00
100.00 102.02 103.30 106.05 109.52 93.64 18.10 -79.33 -175.93 -264.20 217.74 -289.90 -216.77 -126.16 -30.48 44.66 60.43 56.81 53.47 50.00
100.00 96.95 95.91 95.81 93.39 75.67 10.82 -75.19 -163.11 -241.05 -285.80 -265.52 -202.01 -119.79 -35.45 29.02 46.68 49.14 49.36 50.00
100.00 83.01 80.06 80.01 78.99 66.93 20.59 -51.85 -125.88 -187.90 -221.57 -209.57 -160.31 -91.33 -20.35 25.65 37.67 38.88 40.11 50.00
25.00 49.32 55.77 60.31 67.69 66.63 40.54 -18.44 -78.13 -125.74 -151.11 -143.47 -106.21 -50.57 7.22 33.02 33.90 25.87 18.43 0.00
25.00 35.52 41.43 52.43 85.29 104.71 75.26 22.98 -22.85 -57.19 -76.54 -72.58 -46.72 -4.10 47.25 76.48 56.91 23.54 10.72 0.00
25.00 29.88 34.25 47.83 100.94 139.77 98.08 39.33 15.80 1.03 -13.63 -15.37 -7.15 14.19 72.35 113.89 74.99 21.62 7.12 0.00
25.00 25.00 25.00 25.00 83.58 125.00 83.58 25.00 25.00 25.00 0.00 0.00 0.00 0.00 58.58 100.00 58.58 0.00 0.00 0.00
